,err_kdf,err_rf,kappa_kdf,kappa_rf,ece_kdf,ece_rf,rep,samples
0,0.7454128440366973,0.3623853211009175,0.006116207951070374,0.5168195718654434,0.006683509855664046,0.14523394495412845,0,8
1,0.7477064220183487,0.39449541284403666,0.003058103975535187,0.4740061162079511,0.0005729756833196929,0.1585091743119266,1,8
2,0.7362385321100917,0.3325688073394495,0.01834862385321101,0.5565749235474007,0.016988579155552005,0.1920275229357798,2,8
3,0.7454128440366973,0.518348623853211,0.006116207951070374,0.308868501529052,0.004587155962484043,0.11716513761467891,3,8
4,0.7431192660550459,0.37155963302752293,0.00917431192660545,0.5045871559633027,0.006736833800550465,0.14956422018348622,4,8
5,0.7454128440366973,0.4495412844036697,0.006116207951070374,0.40061162079510704,0.004201373416638996,0.12211926605504587,5,8
6,0.7454128440366973,0.3990825688073395,0.006116207951070374,0.4678899082568807,0.017748791870472968,0.15561926605504586,6,8
7,0.7454128440366973,0.44495412844036697,0.006116207951070374,0.4067278287461774,0.0026196460507045896,0.12465137614678902,7,8
8,0.7431192660550459,0.4288990825688074,0.00917431192660545,0.4281345565749235,0.005843818476267851,0.11307339449541284,8,8
9,0.75,0.5045871559633027,0.0,0.327217125382263,0.0,0.12078440366972477,9,8
10,0.7293577981651376,0.42660550458715596,0.02752293577981646,0.4311926605504587,0.017050031317116424,0.14651376146788989,10,8
11,0.7385321100917431,0.27752293577981646,0.015290519877675823,0.6299694189602447,0.011462556012036862,0.23961926605504585,11,8
12,0.7385321100917431,0.3463302752293578,0.015290519877675823,0.5382262996941896,0.008027563065895844,0.18996788990825694,12,8
13,0.7431192660550459,0.4288990825688074,0.00917431192660545,0.4281345565749235,0.00247767039043544,0.1243853211009174,13,8
14,0.7408256880733946,0.39449541284403666,0.012232415902140636,0.4740061162079511,0.013761412136438014,0.17940825688073392,14,8
15,0.731651376146789,0.3669724770642202,0.024464831804281384,0.5107033639143731,0.016413304555024214,0.16675229357798163,15,8
16,0.7408256880733946,0.2821100917431193,0.012232415902140636,0.6238532110091743,0.02847568923125438,0.24434862385321102,16,8
17,0.7477064220183487,0.46100917431192656,0.003058103975535187,0.3853211009174312,0.0029056512878485284,0.08817889908256875,17,8
18,0.7477064220183487,0.3348623853211009,0.003058103975535187,0.5535168195718654,0.005090946375657693,0.16589449541284404,18,8
19,0.7454128440366973,0.3623853211009175,0.006116207951070374,0.5168195718654434,0.010310090130339697,0.1956192660550459,19,8
20,0.7637614678899083,0.4151376146788991,-0.0183486238532109,0.4464831804281345,0.013963971581924474,0.12052293577981653,20,8
21,0.7454128440366973,0.6674311926605505,0.006116207951070374,0.11009174311926606,0.003042685028747895,0.15929357798165147,21,8
22,0.7431192660550459,0.47706422018348627,0.00917431192660545,0.363914373088685,0.014969442640625458,0.10655963302752296,22,8
23,0.7477064220183487,0.41055045871559637,0.003058103975535187,0.4525993883792049,0.0005734701933327128,0.15455963302752299,23,8
24,0.7431192660550459,0.3348623853211009,0.00917431192660545,0.5535168195718654,0.004866861109255452,0.1833165137614679,24,8
25,0.7454128440366973,0.42201834862385323,0.006116207951070374,0.43730886850152906,0.00355971564756741,0.11467431192660553,25,8
26,0.7477064220183487,0.4655963302752294,0.003058103975535187,0.37920489296636084,0.002848297071314057,0.1360091743119266,26,8
27,0.7431192660550459,0.4472477064220184,0.00917431192660545,0.4036697247706422,0.005176834925690104,0.13780733944954132,27,8
28,0.75,0.3325688073394495,0.0,0.5565749235474007,0.0,0.2002293577981651,28,8
29,0.7408256880733946,0.3532110091743119,0.012232415902140636,0.5290519877675841,0.011465498375951993,0.19948623853211014,29,8
30,0.6605504587155964,0.2660550458715596,0.11926605504587151,0.6452599388379205,0.09227070460510615,0.25323394495412843,0,12
31,0.6490825688073394,0.30504587155963303,0.13455657492354745,0.5932721712538227,0.1258305929522312,0.17371100917431195,1,12
32,0.6169724770642202,0.3669724770642202,0.17737003058103973,0.5107033639143731,0.12254654195147383,0.12003211009174317,2,12
33,0.6399082568807339,0.45412844036697253,0.14678899082568808,0.39449541284403666,0.10350819613282891,0.12366055045871562,3,12
34,0.5871559633027523,0.33944954128440363,0.21712538226299694,0.5474006116207951,0.15068763065582888,0.17482568807339455,4,12
35,0.6284403669724771,0.32339449541284404,0.1620795107033639,0.5688073394495412,0.1167447661011331,0.20554128440366973,5,12
36,0.6422018348623852,0.28899082568807344,0.1437308868501529,0.6146788990825688,0.11248383945082362,0.21375688073394494,6,12
37,0.5642201834862386,0.30504587155963303,0.24770642201834858,0.5932721712538227,0.1770705282940452,0.21619724770642196,7,12
38,0.6169724770642202,0.3876146788990825,0.17737003058103973,0.4831804281345565,0.10504831794400325,0.12151834862385319,8,12
39,0.49082568807339455,0.3830275229357798,0.345565749235474,0.4892966360856269,0.2515949820774192,0.15477522935779817,9,12
40,0.5068807339449541,0.32568807339449546,0.3241590214067278,0.5657492354740061,0.22413774116858665,0.14691743119266057,10,12
41,0.5321100917431192,0.27064220183486243,0.290519877675841,0.6391437308868502,0.19875324792159188,0.18336697247706427,11,12
42,0.5481651376146789,0.45412844036697253,0.2691131498470948,0.39449541284403666,0.19324692817560962,0.10266972477064214,12,12
43,0.5619266055045872,0.35779816513761464,0.25076452599388377,0.5229357798165137,0.17992611515342485,0.10172935779816512,13,12
44,0.5435779816513762,0.38990825688073394,0.27522935779816515,0.48012232415902145,0.1826692675259706,0.12772935779816516,14,12
45,0.6077981651376148,0.3302752293577982,0.18960244648318048,0.5596330275229358,0.11716673693648921,0.13162844036697244,15,12
46,0.6307339449541285,0.37155963302752293,0.15902140672782872,0.5045871559633027,0.12101482127105598,0.161743119266055,16,12
47,0.573394495412844,0.32568807339449546,0.23547400611620795,0.5657492354740061,0.15265752136373845,0.15516513761467893,17,12
48,0.5068807339449541,0.3119266055045872,0.3241590214067278,0.5840978593272171,0.23997390313373365,0.19595871559633027,18,12
49,0.518348623853211,0.34174311926605505,0.308868501529052,0.5443425076452599,0.22097759282703208,0.17871559633027523,19,12
50,0.6077981651376148,0.3188073394495413,0.18960244648318048,0.5749235474006116,0.1608028521969543,0.13777064220183488,20,12
51,0.5206422018348624,0.22477064220183485,0.3058103975535168,0.7003058103975535,0.2238243905802057,0.22495412844036694,21,12
52,0.6215596330275229,0.32568807339449546,0.17125382262996947,0.5657492354740061,0.11142933775232267,0.16027522935779814,22,12
53,0.6307339449541285,0.32798165137614677,0.15902140672782872,0.5626911314984709,0.09989795097135484,0.17340825688073394,23,12
54,0.4977064220183486,0.30733944954128445,0.33639143730886845,0.5902140672782874,0.24322109330334005,0.1296788990825688,24,12
55,0.5940366972477065,0.4036697247706422,0.20795107033639149,0.46177370030581044,0.13789677146563417,0.15294954128440366,25,12
56,0.6123853211009174,0.4357798165137615,0.1834862385321101,0.41896024464831805,0.1377491442603827,0.13960550458715598,26,12
57,0.5412844036697247,0.29357798165137616,0.27828746177370034,0.6085626911314985,0.19529671530529907,0.1809266055045871,27,12
58,0.5756880733944953,0.30504587155963303,0.23241590214067276,0.5932721712538227,0.15533010202130967,0.15791743119266052,28,12
59,0.5527522935779816,0.23853211009174313,0.2629969418960245,0.6819571865443426,0.19492282059705987,0.2559770642201834,29,12
60,0.4839449541284404,0.268348623853211,0.35474006116207946,0.6422018348623852,0.23187428933801357,0.18488073394495413,0,20
61,0.46100917431192656,0.24770642201834858,0.3853211009174312,0.6697247706422018,0.2459133111187395,0.2166605504587156,1,20
62,0.46100917431192656,0.27064220183486243,0.3853211009174312,0.6391437308868502,0.20144153264464124,0.15288990825688076,2,20
63,0.4862385321100917,0.24082568807339455,0.3516819571865444,0.6788990825688073,0.14957489714732664,0.18234403669724772,3,20
64,0.6376146788990826,0.29357798165137616,0.14984709480122327,0.6085626911314985,0.09134838406899444,0.151651376146789,4,20
65,0.45642201834862384,0.2545871559633027,0.3914373088685015,0.6605504587155964,0.2525233515048195,0.19354587155963304,5,20
66,0.39220183486238536,0.22706422018348627,0.47706422018348627,0.6972477064220184,0.30631390291385024,0.21978899082568812,6,20
67,0.4495412844036697,0.231651376146789,0.40061162079510704,0.691131498470948,0.24029481298128164,0.18823853211009173,7,20
68,0.4472477064220184,0.2981651376146789,0.4036697247706422,0.6024464831804281,0.2152837633427781,0.10394495412844035,8,20
69,0.48853211009174313,0.29357798165137616,0.3486238532110092,0.6085626911314985,0.2108181620026621,0.17505504587155962,9,20
70,0.4839449541284404,0.35779816513761464,0.35474006116207946,0.5229357798165137,0.21246501449661537,0.13771100917431195,10,20
71,0.49082568807339455,0.27064220183486243,0.345565749235474,0.6391437308868502,0.18794941058564194,0.1413165137614679,11,20
72,0.47935779816513757,0.30504587155963303,0.36085626911314983,0.5932721712538227,0.23760170347832144,0.1446651376146789,12,20
73,0.518348623853211,0.25,0.308868501529052,0.6666666666666667,0.23584404142593268,0.2282339449541284,13,20
74,0.5045871559633027,0.30504587155963303,0.327217125382263,0.5932721712538227,0.19191625781579658,0.11997706422018346,14,20
75,0.44495412844036697,0.27064220183486243,0.4067278287461774,0.6391437308868502,0.23895476941945035,0.1402201834862385,15,20
76,0.5091743119266054,0.2637614678899083,0.3211009174311926,0.6483180428134556,0.2170419401376874,0.16758715596330276,16,20
77,0.47935779816513757,0.29357798165137616,0.36085626911314983,0.6085626911314985,0.22595380992299438,0.11562385321100921,17,20
78,0.47935779816513757,0.30963302752293576,0.36085626911314983,0.5871559633027523,0.20872439101785334,0.1727522935779817,18,20
79,0.47706422018348627,0.25688073394495414,0.363914373088685,0.6574923547400612,0.22815508466313741,0.1377064220183486,19,20
80,0.4128440366972477,0.286697247706422,0.4495412844036697,0.617737003058104,0.2714451805716596,0.12645871559633026,20,20
81,0.4311926605504587,0.231651376146789,0.4250764525993884,0.691131498470948,0.2513122498116399,0.2525091743119266,21,20
82,0.47477064220183485,0.29128440366972475,0.3669724770642202,0.6116207951070336,0.19585239399783763,0.160151376146789,22,20
83,0.4954128440366973,0.2981651376146789,0.33944954128440363,0.6024464831804281,0.2200992568138695,0.10538073394495409,23,20
84,0.4701834862385321,0.27522935779816515,0.37308868501529047,0.6330275229357798,0.2334155165081826,0.13859174311926606,24,20
85,0.5022935779816513,0.29357798165137616,0.3302752293577982,0.6085626911314985,0.1919704140802963,0.12763761467889906,25,20
86,0.42431192660550454,0.286697247706422,0.43425076452599387,0.617737003058104,0.2630881358234277,0.14103669724770646,26,20
87,0.49311926605504586,0.26146788990825687,0.3425076452599388,0.6513761467889908,0.20088819018871218,0.1444908256880734,27,20
88,0.4036697247706422,0.25917431192660545,0.46177370030581044,0.654434250764526,0.2517342353997207,0.1744266055045871,28,20
89,0.47935779816513757,0.27752293577981646,0.36085626911314983,0.6299694189602447,0.20476048587379878,0.17318807339449543,29,20
90,0.3853211009174312,0.19266055045871555,0.4862385321100917,0.7431192660550459,0.22879195004320996,0.1934770642201835,0,36
91,0.40825688073394495,0.19036697247706424,0.45565749235474007,0.746177370030581,0.24168783379143183,0.16416513761467888,1,36
92,0.3669724770642202,0.25688073394495414,0.5107033639143731,0.6574923547400612,0.2530925558452725,0.09579357798165139,2,36
93,0.42660550458715596,0.1995412844036697,0.4311926605504587,0.7339449541284404,0.20846687217459692,0.17866055045871562,3,36
94,0.33944954128440363,0.18807339449541283,0.5474006116207951,0.7492354740061162,0.26926667314273695,0.1487018348623853,4,36
95,0.4174311926605505,0.21100917431192656,0.44342507645259943,0.7186544342507646,0.19836705054415293,0.10513761467889908,5,36
96,0.35550458715596334,0.1674311926605505,0.5259938837920489,0.7767584097859327,0.23109053077372163,0.19244954128440364,6,36
97,0.37155963302752293,0.1674311926605505,0.5045871559633027,0.7767584097859327,0.19067351697638832,0.2107522935779817,7,36
98,0.3692660550458715,0.17660550458715596,0.5076452599388379,0.764525993883792,0.24135373481452016,0.17226146788990832,8,36
99,0.47247706422018354,0.19036697247706424,0.3700305810397554,0.746177370030581,0.14312612459667112,0.16875688073394493,9,36
100,0.40596330275229353,0.2018348623853211,0.45871559633027525,0.7308868501529052,0.2193355701063551,0.1260045871559633,10,36
101,0.35550458715596334,0.25917431192660545,0.5259938837920489,0.654434250764526,0.24863421367225938,0.11643119266055042,11,36
102,0.42201834862385323,0.1972477064220184,0.43730886850152906,0.7370030581039755,0.1990333617719476,0.15006422018348622,12,36
103,0.38990825688073394,0.1995412844036697,0.48012232415902145,0.7339449541284404,0.24982368515607262,0.15982568807339453,13,36
104,0.42201834862385323,0.23623853211009171,0.43730886850152906,0.6850152905198776,0.1954430025280566,0.1646284403669725,14,36
105,0.3509174311926605,0.18119266055045868,0.5321100917431192,0.7584097859327217,0.18337909492799068,0.1530183486238532,15,36
106,0.3188073394495413,0.13990825688073394,0.5749235474006116,0.8134556574923547,0.24515489662881032,0.22022018348623854,16,36
107,0.37385321100917435,0.1972477064220184,0.5015290519877675,0.7370030581039755,0.23824457201724888,0.1573394495412844,17,36
108,0.4288990825688074,0.268348623853211,0.4281345565749235,0.6422018348623852,0.1720403602028522,0.15489908256880738,18,36
109,0.40596330275229353,0.2339449541284404,0.45871559633027525,0.6880733944954128,0.22213744895641924,0.10993119266055047,19,36
110,0.37155963302752293,0.2155963302752294,0.5045871559633027,0.7125382262996942,0.26698154442961397,0.15455045871559633,20,36
111,0.44495412844036697,0.24770642201834858,0.4067278287461774,0.6697247706422018,0.19745776311072377,0.16283027522935786,21,36
112,0.39220183486238536,0.17201834862385323,0.47706422018348627,0.7706422018348624,0.25080098795277705,0.17445871559633036,22,36
113,0.37385321100917435,0.1972477064220184,0.5015290519877675,0.7370030581039755,0.23672247951729763,0.2024220183486239,23,36
114,0.40596330275229353,0.21100917431192656,0.45871559633027525,0.7186544342507646,0.1859325986416534,0.11440825688073396,24,36
115,0.3142201834862385,0.16284403669724767,0.581039755351682,0.7828746177370031,0.2711275170233244,0.15225229357798167,25,36
116,0.40825688073394495,0.21100917431192656,0.45565749235474007,0.7186544342507646,0.18094894045361748,0.16940366972477067,26,36
117,0.3646788990825688,0.17201834862385323,0.5137614678899083,0.7706422018348624,0.23384923027120935,0.17272935779816515,27,36
118,0.34174311926605505,0.15366972477064222,0.5443425076452599,0.7951070336391437,0.22058204585028082,0.17837155963302756,28,36
119,0.3990825688073395,0.1995412844036697,0.4678899082568807,0.7339449541284404,0.225454342276554,0.1577844036697248,29,36
120,0.30733944954128445,0.12155963302752293,0.5902140672782874,0.8379204892966361,0.22014896147111732,0.20113761467889904,0,64
121,0.33944954128440363,0.1651376146788991,0.5474006116207951,0.7798165137614679,0.2188381638811522,0.15460091743119267,1,64
122,0.3623853211009175,0.14678899082568808,0.5168195718654434,0.8042813455657493,0.23766469721563255,0.17452752293577983,2,64
123,0.3830275229357798,0.12614678899082565,0.4892966360856269,0.8318042813455657,0.21629896900632012,0.1989862385321101,3,64
124,0.3325688073394495,0.11238532110091748,0.5565749235474007,0.8501529051987767,0.26213289748034174,0.1803440366972477,4,64
125,0.36009174311926606,0.15366972477064222,0.5198776758409787,0.7951070336391437,0.23109837124465818,0.15163302752293586,5,64
126,0.35550458715596334,0.1009174311926605,0.5259938837920489,0.8654434250764527,0.23906485252274648,0.2308577981651376,6,64
127,0.3669724770642202,0.17889908256880738,0.5107033639143731,0.7614678899082569,0.1925520737080822,0.11739449541284401,7,64
128,0.29357798165137616,0.1330275229357798,0.6085626911314985,0.8226299694189603,0.20593015906757017,0.17325229357798164,8,64
129,0.3853211009174312,0.16972477064220182,0.4862385321100917,0.7737003058103975,0.22438518653080694,0.12255504587155963,9,64
130,0.3967889908256881,0.1307339449541285,0.4709480122324159,0.8256880733944953,0.2537830840383966,0.1956651376146789,10,64
131,0.33944954128440363,0.15366972477064222,0.5474006116207951,0.7951070336391437,0.22008338114974513,0.14572018348623852,11,64
132,0.3532110091743119,0.1169724770642202,0.5290519877675841,0.8440366972477065,0.2114359933049631,0.2289587155963303,12,64
133,0.3532110091743119,0.13990825688073394,0.5290519877675841,0.8134556574923547,0.20621871161924235,0.17211467889908258,13,64
134,0.3348623853211009,0.1490825688073395,0.5535168195718654,0.8012232415902141,0.21915861798314282,0.18224311926605505,14,64
135,0.3165137614678899,0.13532110091743121,0.5779816513761468,0.8195718654434251,0.23012914037592605,0.1633532110091743,15,64
136,0.3325688073394495,0.1513761467889908,0.5565749235474007,0.7981651376146789,0.21818719791213897,0.16128899082568815,16,64
137,0.3509174311926605,0.14220183486238536,0.5321100917431192,0.8103975535168195,0.19391731013553598,0.18373394495412843,17,64
138,0.34174311926605505,0.15366972477064222,0.5443425076452599,0.7951070336391437,0.2171287476194103,0.17915137614678894,18,64
139,0.3004587155963303,0.15596330275229353,0.599388379204893,0.7920489296636086,0.20797354375824995,0.17483486238532106,19,64
140,0.2660550458715596,0.1009174311926605,0.6452599388379205,0.8654434250764527,0.18369969013404236,0.16709633027522933,20,64
141,0.286697247706422,0.10321100917431192,0.617737003058104,0.8623853211009174,0.22253016341579357,0.17533944954128441,21,64
142,0.3509174311926605,0.1490825688073395,0.5321100917431192,0.8012232415902141,0.2516041426078154,0.14981651376146787,22,64
143,0.3807339449541285,0.15596330275229353,0.4923547400611621,0.7920489296636086,0.16071336104630643,0.18099541284403672,23,64
144,0.30963302752293576,0.14449541284403666,0.5871559633027523,0.8073394495412844,0.23839607812060007,0.1434724770642202,24,64
145,0.32798165137614677,0.12385321100917435,0.5626911314984709,0.8348623853211009,0.21339667345907182,0.1866146788990826,25,64
146,0.4128440366972477,0.1490825688073395,0.4495412844036697,0.8012232415902141,0.1844059220960529,0.20650458715596326,26,64
147,0.30733944954128445,0.16284403669724767,0.5902140672782874,0.7828746177370031,0.21189647327862726,0.16687614678899085,27,64
148,0.35779816513761464,0.1009174311926605,0.5229357798165137,0.8654434250764527,0.2363714588036686,0.19596788990825686,28,64
149,0.40825688073394495,0.16284403669724767,0.45565749235474007,0.7828746177370031,0.2313750604983965,0.18500917431192665,29,64
150,0.3119266055045872,0.13761467889908252,0.5840978593272171,0.8165137614678899,0.24134133865409513,0.11090366972477068,0,108
151,0.3463302752293578,0.08256880733944949,0.5382262996941896,0.8899082568807339,0.20793167686070577,0.15461009174311924,1,108
152,0.29587155963302747,0.14220183486238536,0.6055045871559632,0.8103975535168195,0.2522787465113261,0.11208256880733945,2,108
153,0.32798165137614677,0.08944954128440363,0.5626911314984709,0.8807339449541285,0.2621593122639227,0.20355045871559627,3,108
154,0.3486238532110092,0.1009174311926605,0.5351681957186545,0.8654434250764527,0.26989949938816754,0.16720642201834862,4,108
155,0.34403669724770647,0.17201834862385323,0.5412844036697247,0.7706422018348624,0.2423882652910487,0.11074311926605503,5,108
156,0.27752293577981646,0.08715596330275233,0.6299694189602447,0.8837920489296636,0.2169880933794402,0.1616880733944954,6,108
157,0.3119266055045872,0.1009174311926605,0.5840978593272171,0.8654434250764527,0.16656779417720372,0.16059174311926605,7,108
158,0.3532110091743119,0.14678899082568808,0.5290519877675841,0.8042813455657493,0.28625635252764164,0.16904587155963302,8,108
159,0.3188073394495413,0.0665137614678899,0.5749235474006116,0.9113149847094801,0.20125050441981296,0.20730733944954133,9,108
160,0.3325688073394495,0.10321100917431192,0.5565749235474007,0.8623853211009174,0.1972067623899066,0.14147247706422017,10,108
161,0.35550458715596334,0.09633027522935778,0.5259938837920489,0.8715596330275229,0.23187482358435113,0.1421330275229358,11,108
162,0.34174311926605505,0.08715596330275233,0.5443425076452599,0.8837920489296636,0.23448278628819513,0.17749541284403672,12,108
163,0.3004587155963303,0.07798165137614677,0.599388379204893,0.8960244648318043,0.16489650876206127,0.16525229357798166,13,108
164,0.3004587155963303,0.09174311926605505,0.599388379204893,0.8776758409785933,0.22580847727456202,0.17275688073394496,14,108
165,0.28899082568807344,0.08715596330275233,0.6146788990825688,0.8837920489296636,0.18590441129485205,0.17658715596330277,15,108
166,0.3532110091743119,0.08715596330275233,0.5290519877675841,0.8837920489296636,0.2372719852526464,0.16592201834862383,16,108
167,0.3463302752293578,0.12844036697247707,0.5382262996941896,0.8287461773700306,0.19647318095755614,0.12705504587155966,17,108
168,0.30963302752293576,0.10779816513761464,0.5871559633027523,0.8562691131498471,0.25231423925050206,0.15782568807339453,18,108
169,0.32568807339449546,0.1307339449541285,0.5657492354740061,0.8256880733944953,0.2042282931792977,0.11401376146788991,19,108
170,0.3027522935779816,0.12385321100917435,0.5963302752293578,0.8348623853211009,0.23359330237102083,0.14151834862385324,20,108
171,0.3165137614678899,0.10550458715596334,0.5779816513761468,0.8593272171253823,0.2426495819906281,0.1397431192660551,21,108
172,0.3325688073394495,0.11238532110091748,0.5565749235474007,0.8501529051987767,0.2247934950060739,0.13393119266055045,22,108
173,0.3371559633027523,0.09174311926605505,0.5504587155963303,0.8776758409785933,0.20999038984513294,0.19672935779816508,23,108
174,0.32568807339449546,0.12155963302752293,0.5657492354740061,0.8379204892966361,0.22721715167061232,0.15142201834862384,24,108
175,0.3004587155963303,0.08027522935779818,0.599388379204893,0.8929663608562691,0.18644778791558692,0.1984036697247706,25,108
176,0.2844036697247706,0.08715596330275233,0.6207951070336392,0.8837920489296636,0.20675589097436523,0.16330733944954126,26,108
177,0.3371559633027523,0.07568807339449546,0.5504587155963303,0.8990825688073394,0.19404103201559936,0.19538532110091736,27,108
178,0.29128440366972475,0.08944954128440363,0.6116207951070336,0.8807339449541285,0.21676127254796382,0.16353669724770636,28,108
179,0.3119266055045872,0.12614678899082565,0.5840978593272171,0.8318042813455657,0.21612892979403628,0.11740366972477059,29,108
180,0.3004587155963303,0.06192660550458717,0.599388379204893,0.9174311926605505,0.19281558193829004,0.14004128440366975,0,180
181,0.3211009174311926,0.05275229357798161,0.5718654434250765,0.9296636085626911,0.2017150802645098,0.1763990825688073,1,180
182,0.27752293577981646,0.05275229357798161,0.6299694189602447,0.9296636085626911,0.1694543302666202,0.15786697247706427,2,180
183,0.3371559633027523,0.08486238532110091,0.5504587155963303,0.8868501529051988,0.23746342500658876,0.1569449541284404,3,180
184,0.2660550458715596,0.05733944954128445,0.6452599388379205,0.9235474006116208,0.19254252159409066,0.143256880733945,4,180
185,0.32798165137614677,0.07110091743119262,0.5626911314984709,0.9051987767584098,0.2218423080036746,0.12819724770642202,5,180
186,0.27522935779816515,0.0665137614678899,0.6330275229357798,0.9113149847094801,0.2017024515542659,0.1364633027522936,6,180
187,0.27293577981651373,0.02752293577981646,0.636085626911315,0.963302752293578,0.20392202680426505,0.18114220183486243,7,180
188,0.27522935779816515,0.05733944954128445,0.6330275229357798,0.9235474006116208,0.18158195939489766,0.1507752293577982,8,180
189,0.27064220183486243,0.07339449541284404,0.6391437308868502,0.9021406727828746,0.173253242838385,0.14777981651376143,9,180
190,0.2981651376146789,0.1009174311926605,0.6024464831804281,0.8654434250764527,0.16677452319229816,0.12361926605504586,10,180
191,0.30963302752293576,0.08256880733944949,0.5871559633027523,0.8899082568807339,0.22996889555841762,0.12373394495412844,11,180
192,0.25,0.08944954128440363,0.6666666666666667,0.8807339449541285,0.18105873065948633,0.15230275229357798,12,180
193,0.2660550458715596,0.04587155963302747,0.6452599388379205,0.9388379204892966,0.1601736625838308,0.1592477064220184,13,180
194,0.2798165137614679,0.06192660550458717,0.6269113149847094,0.9174311926605505,0.23729123917211256,0.15387614678899084,14,180
195,0.2545871559633027,0.06192660550458717,0.6605504587155964,0.9174311926605505,0.1804066685618306,0.15391284403669728,15,180
196,0.2522935779816514,0.06192660550458717,0.6636085626911314,0.9174311926605505,0.17054578232322337,0.15697706422018343,16,180
197,0.28899082568807344,0.05275229357798161,0.6146788990825688,0.9296636085626911,0.23976953660881595,0.15372018348623853,17,180
198,0.32568807339449546,0.03899082568807344,0.5657492354740061,0.9480122324159022,0.22165196611214666,0.1923119266055046,18,180
199,0.3463302752293578,0.09174311926605505,0.5382262996941896,0.8776758409785933,0.2416952517854046,0.12448623853211008,19,180
200,0.25688073394495414,0.0665137614678899,0.6574923547400612,0.9113149847094801,0.1827810574781984,0.1418302752293578,20,180
201,0.27293577981651373,0.03899082568807344,0.636085626911315,0.9480122324159022,0.18755755887915831,0.16185779816513754,21,180
202,0.3348623853211009,0.0665137614678899,0.5535168195718654,0.9113149847094801,0.24506364152364626,0.16033944954128448,22,180
203,0.32339449541284404,0.07339449541284404,0.5688073394495412,0.9021406727828746,0.22673312166913118,0.16144036697247705,23,180
204,0.3142201834862385,0.07798165137614677,0.581039755351682,0.8960244648318043,0.23510667725184797,0.12760550458715597,24,180
205,0.29128440366972475,0.050458715596330306,0.6116207951070336,0.9327217125382263,0.19513873387807595,0.17291743119266065,25,180
206,0.3119266055045872,0.06422018348623848,0.5840978593272171,0.9143730886850153,0.20546704231962334,0.1630183486238532,26,180
207,0.286697247706422,0.06422018348623848,0.617737003058104,0.9143730886850153,0.23212009308871043,0.14295871559633025,27,180
208,0.2981651376146789,0.08715596330275233,0.6024464831804281,0.8837920489296636,0.2036247018394462,0.1388256880733945,28,180
209,0.32568807339449546,0.08256880733944949,0.5657492354740061,0.8899082568807339,0.23230451455648785,0.16961009174311925,29,180
210,0.24311926605504586,0.041284403669724745,0.6758409785932722,0.944954128440367,0.1954674197397074,0.13373853211009173,0,308
211,0.29128440366972475,0.059633027522935755,0.6116207951070336,0.9204892966360856,0.2076726314105317,0.1353394495412844,1,308
212,0.24541284403669728,0.06192660550458717,0.672782874617737,0.9174311926605505,0.17914780922436704,0.11843119266055044,2,308
213,0.2660550458715596,0.05504587155963303,0.6452599388379205,0.926605504587156,0.18385419692981236,0.11552293577981652,3,308
214,0.231651376146789,0.041284403669724745,0.691131498470948,0.944954128440367,0.17606202915623698,0.12414220183486237,4,308
215,0.27522935779816515,0.0344036697247706,0.6330275229357798,0.9541284403669725,0.20480648519666458,0.12385779816513766,5,308
216,0.2660550458715596,0.025229357798165153,0.6452599388379205,0.9663608562691132,0.22148420592768508,0.12983486238532113,6,308
217,0.2844036697247706,0.05504587155963303,0.6207951070336392,0.926605504587156,0.2336801234609919,0.12298623853211008,7,308
218,0.25917431192660545,0.020642201834862428,0.654434250764526,0.9724770642201834,0.20249937347817804,0.15011009174311926,8,308
219,0.2660550458715596,0.059633027522935755,0.6452599388379205,0.9204892966360856,0.2104003964575374,0.12229816513761471,9,308
220,0.2660550458715596,0.03669724770642202,0.6452599388379205,0.9510703363914373,0.2122526016670198,0.1427247706422018,10,308
221,0.26146788990825687,0.050458715596330306,0.6513761467889908,0.9327217125382263,0.18685193619123255,0.1322889908256881,11,308
222,0.2339449541284404,0.05275229357798161,0.6880733944954128,0.9296636085626911,0.14748365970161062,0.11596330275229358,12,308
223,0.22935779816513757,0.05275229357798161,0.6941896024464832,0.9296636085626911,0.16725252914731717,0.14019724770642203,13,308
224,0.27522935779816515,0.050458715596330306,0.6330275229357798,0.9327217125382263,0.18866674769437186,0.1259495412844036,14,308
225,0.27293577981651373,0.029816513761467878,0.636085626911315,0.9602446483180428,0.22644798075995376,0.13653211009174313,15,308
226,0.2522935779816514,0.05733944954128445,0.6636085626911314,0.9235474006116208,0.18264120331278272,0.10840366972477063,16,308
227,0.25688073394495414,0.05275229357798161,0.6574923547400612,0.9296636085626911,0.18352580289154272,0.11703669724770645,17,308
228,0.2660550458715596,0.025229357798165153,0.6452599388379205,0.9663608562691132,0.20574941494547724,0.13696788990825692,18,308
229,0.28899082568807344,0.07110091743119262,0.6146788990825688,0.9051987767584098,0.21503686605582448,0.1227706422018349,19,308
230,0.27293577981651373,0.04357798165137616,0.636085626911315,0.9418960244648318,0.19608218336171107,0.12742201834862385,20,308
231,0.29587155963302747,0.05504587155963303,0.6055045871559632,0.926605504587156,0.21162422389464727,0.1117155963302753,21,308
232,0.27293577981651373,0.03899082568807344,0.636085626911315,0.9480122324159022,0.1989131474579483,0.12765596330275233,22,308
233,0.27064220183486243,0.04816513761467889,0.6391437308868502,0.9357798165137614,0.17791372436717665,0.12307798165137618,23,308
234,0.29357798165137616,0.05733944954128445,0.6085626911314985,0.9235474006116208,0.19873678089545851,0.1290458715596331,24,308
235,0.23623853211009171,0.016055045871559592,0.6850152905198776,0.9785932721712538,0.1363576053738835,0.15250917431192665,25,308
236,0.28899082568807344,0.041284403669724745,0.6146788990825688,0.944954128440367,0.2070766598556973,0.13502752293577977,26,308
237,0.29587155963302747,0.050458715596330306,0.6055045871559632,0.9327217125382263,0.2305576967523407,0.11794954128440364,27,308
238,0.268348623853211,0.050458715596330306,0.6422018348623852,0.9327217125382263,0.19458235150062364,0.13839449541284407,28,308
239,0.27064220183486243,0.05733944954128445,0.6391437308868502,0.9235474006116208,0.22120414715458084,0.1128761467889908,29,308
240,0.24770642201834858,0.022935779816513735,0.6697247706422018,0.9694189602446484,0.1952453612794415,0.10274311926605507,0,516
241,0.27752293577981646,0.04357798165137616,0.6299694189602447,0.9418960244648318,0.2127437402751241,0.10003669724770642,1,516
242,0.26146788990825687,0.0344036697247706,0.6513761467889908,0.9541284403669725,0.21562277613616415,0.11167431192660551,2,516
243,0.2545871559633027,0.022935779816513735,0.6605504587155964,0.9694189602446484,0.1990847051777857,0.10194495412844039,3,516
244,0.23623853211009171,0.03899082568807344,0.6850152905198776,0.9480122324159022,0.19896336052682723,0.10774770642201835,4,516
245,0.268348623853211,0.013761467889908285,0.6422018348623852,0.981651376146789,0.20825125386486984,0.12116055045871561,5,516
246,0.2637614678899083,0.029816513761467878,0.6483180428134556,0.9602446483180428,0.20941769613671393,0.11355504587155957,6,516
247,0.286697247706422,0.041284403669724745,0.617737003058104,0.944954128440367,0.20633181243059703,0.12106880733944961,7,516
248,0.27064220183486243,0.02752293577981646,0.6391437308868502,0.963302752293578,0.2037945074367909,0.10803211009174318,8,516
249,0.26146788990825687,0.025229357798165153,0.6513761467889908,0.9663608562691132,0.20063694368688245,0.10857798165137617,9,516
250,0.23853211009174313,0.029816513761467878,0.6819571865443426,0.9602446483180428,0.16554038160843887,0.10298165137614687,10,516
251,0.27293577981651373,0.02752293577981646,0.636085626911315,0.963302752293578,0.21530716442291042,0.09711467889908258,11,516
252,0.2981651376146789,0.025229357798165153,0.6024464831804281,0.9663608562691132,0.22725803207849987,0.12013302752293575,12,516
253,0.24082568807339455,0.020642201834862428,0.6788990825688073,0.9724770642201834,0.1984123555611916,0.10635321100917432,13,516
254,0.2339449541284404,0.029816513761467878,0.6880733944954128,0.9602446483180428,0.17705002533357775,0.10085779816513761,14,516
255,0.2637614678899083,0.03669724770642202,0.6483180428134556,0.9510703363914373,0.1901885581207768,0.1099908256880734,15,516
256,0.29128440366972475,0.0344036697247706,0.6116207951070336,0.9541284403669725,0.22100932023871736,0.10729816513761467,16,516
257,0.20412844036697253,0.022935779816513735,0.72782874617737,0.9694189602446484,0.1660707887683086,0.10260550458715598,17,516
258,0.22018348623853212,0.0344036697247706,0.7064220183486238,0.9541284403669725,0.15667237033352888,0.11229816513761465,18,516
259,0.2339449541284404,0.025229357798165153,0.6880733944954128,0.9663608562691132,0.18316780933298785,0.09392201834862386,19,516
260,0.24082568807339455,0.025229357798165153,0.6788990825688073,0.9663608562691132,0.2060811354763276,0.1022247706422019,20,516
261,0.25917431192660545,0.025229357798165153,0.654434250764526,0.9663608562691132,0.2262694355124331,0.10695871559633027,21,516
262,0.24541284403669728,0.029816513761467878,0.672782874617737,0.9602446483180428,0.1819583379509674,0.10472477064220183,22,516
263,0.22477064220183485,0.020642201834862428,0.7003058103975535,0.9724770642201834,0.1663710652301211,0.11396788990825693,23,516
264,0.2637614678899083,0.04357798165137616,0.6483180428134556,0.9418960244648318,0.20495860187756854,0.07803669724770644,24,516
265,0.24082568807339455,0.029816513761467878,0.6788990825688073,0.9602446483180428,0.1751746773538997,0.10483944954128444,25,516
266,0.2522935779816514,0.029816513761467878,0.6636085626911314,0.9602446483180428,0.19038125362479152,0.10130733944954128,26,516
267,0.22935779816513757,0.025229357798165153,0.6941896024464832,0.9663608562691132,0.17458275029276876,0.10177064220183489,27,516
268,0.27293577981651373,0.025229357798165153,0.636085626911315,0.9663608562691132,0.20254568767067896,0.10080275229357809,28,516
269,0.27752293577981646,0.041284403669724745,0.6299694189602447,0.944954128440367,0.21212718431043054,0.09797706422018344,29,516
270,0.22477064220183485,0.01834862385321101,0.7003058103975535,0.9755351681957186,0.16441036817035287,0.08285779816513758,0,876
271,0.25688073394495414,0.022935779816513735,0.6574923547400612,0.9694189602446484,0.18781704486449421,0.0921651376146789,1,876
272,0.24311926605504586,0.022935779816513735,0.6758409785932722,0.9694189602446484,0.19298843609866778,0.09917889908256876,2,876
273,0.22935779816513757,0.013761467889908285,0.6941896024464832,0.981651376146789,0.17436968781356016,0.07672018348623857,3,876
274,0.25917431192660545,0.020642201834862428,0.654434250764526,0.9724770642201834,0.21184793672842908,0.08122477064220182,4,876
275,0.22018348623853212,0.006880733944954143,0.7064220183486238,0.9908256880733946,0.16910106250668763,0.08858256880733945,5,876
276,0.23853211009174313,0.006880733944954143,0.6819571865443426,0.9908256880733946,0.16989802830254774,0.0928761467889909,6,876
277,0.2339449541284404,0.00917431192660545,0.6880733944954128,0.9877675840978594,0.17886825223570557,0.09351834862385319,7,876
278,0.2522935779816514,0.01834862385321101,0.6636085626911314,0.9755351681957186,0.18019189326209814,0.08724311926605507,8,876
279,0.22477064220183485,0.025229357798165153,0.7003058103975535,0.9663608562691132,0.17163711962830647,0.07627981651376148,9,876
280,0.20412844036697253,0.01834862385321101,0.72782874617737,0.9755351681957186,0.14970816443611432,0.07542660550458719,10,876
281,0.22935779816513757,0.011467889908256867,0.6941896024464832,0.9847094801223242,0.2019662118568549,0.1087798165137615,11,876
282,0.22935779816513757,0.02752293577981646,0.6941896024464832,0.963302752293578,0.18244999245664306,0.07172477064220185,12,876
283,0.22247706422018354,0.020642201834862428,0.7033639143730888,0.9724770642201834,0.1833978277273421,0.07442660550458713,13,876
284,0.23623853211009171,0.011467889908256867,0.6850152905198776,0.9847094801223242,0.17277581409027704,0.08170183486238537,14,876
285,0.2339449541284404,0.011467889908256867,0.6880733944954128,0.9847094801223242,0.17221742824113015,0.08777981651376153,15,876
286,0.22477064220183485,0.016055045871559592,0.7003058103975535,0.9785932721712538,0.1734749957822686,0.08123394495412846,16,876
287,0.2637614678899083,0.022935779816513735,0.6483180428134556,0.9694189602446484,0.21179334425923022,0.0875825688073395,17,876
288,0.286697247706422,0.02752293577981646,0.617737003058104,0.963302752293578,0.2143900125815594,0.08287614678899081,18,876
289,0.22018348623853212,0.020642201834862428,0.7064220183486238,0.9724770642201834,0.176429409426282,0.08604128440366966,19,876
290,0.22247706422018354,0.022935779816513735,0.7033639143730888,0.9694189602446484,0.17401927891127883,0.07927981651376143,20,876
291,0.21330275229357798,0.013761467889908285,0.7155963302752293,0.981651376146789,0.1558316333306003,0.08199541284403664,21,876
292,0.2178899082568807,0.004587155963302725,0.709480122324159,0.9938837920489296,0.15949143643944047,0.08797247706422014,22,876
293,0.23853211009174313,0.013761467889908285,0.6819571865443426,0.981651376146789,0.18681535826577714,0.09313302752293572,23,876
294,0.20871559633027525,0.013761467889908285,0.7217125382262997,0.981651376146789,0.15483491720338638,0.08469724770642215,24,876
295,0.22477064220183485,0.01834862385321101,0.7003058103975535,0.9755351681957186,0.16969672103643513,0.0833807339449541,25,876
296,0.22247706422018354,0.013761467889908285,0.7033639143730888,0.981651376146789,0.16725487325163985,0.09295871559633025,26,876
297,0.22706422018348627,0.020642201834862428,0.6972477064220184,0.9724770642201834,0.19320959719209715,0.08661009174311922,27,876
298,0.231651376146789,0.020642201834862428,0.691131498470948,0.9724770642201834,0.17415691114352902,0.090848623853211,28,876
299,0.29128440366972475,0.02752293577981646,0.6116207951070336,0.963302752293578,0.2378466569850999,0.08540825688073397,29,876
