,err_kdf,err_rf,kappa_kdf,kappa_rf,ece_kdf,ece_rf,rep,samples
0,0.6,0.3285714285714286,-0.19999999999999996,0.34285714285714286,0.24536218084124028,0.2402,0,4
1,0.41428571428571426,0.3285714285714286,0.17142857142857137,0.34285714285714286,0.17854328994117644,0.2210285714285714,1,4
2,0.4,0.19999999999999996,0.19999999999999996,0.6,0.19425490450182648,0.07399999999999997,2,4
3,0.5142857142857142,0.30000000000000004,-0.02857142857142847,0.4,0.04234464093009086,0.1564285714285713,3,4
4,0.3857142857142857,0.2857142857142857,0.22857142857142854,0.4285714285714286,0.24900508206573702,0.1862285714285714,4,4
5,0.2857142857142857,0.22857142857142854,0.4285714285714286,0.5428571428571429,0.23035655072252317,0.10214285714285712,5,4
6,0.44285714285714284,0.2857142857142857,0.11428571428571432,0.4285714285714286,0.2706765798953724,0.23197142857142866,6,4
7,0.3571428571428571,0.3142857142857143,0.2857142857142857,0.37142857142857144,0.2817565477578649,0.1913142857142857,7,4
8,0.4285714285714286,0.24285714285714288,0.1428571428571429,0.5142857142857142,0.17590324653543757,0.1425142857142857,8,4
9,0.27142857142857146,0.27142857142857146,0.4571428571428572,0.4571428571428572,0.1968078804851617,0.17245714285714286,9,4
10,0.24285714285714288,0.37142857142857144,0.5142857142857142,0.2571428571428571,0.24301761650371217,0.19311428571428574,10,4
11,0.5571428571428572,0.30000000000000004,-0.11428571428571432,0.4,0.20532851821655287,0.21231428571428568,11,4
12,0.4285714285714286,0.27142857142857146,0.1428571428571429,0.4571428571428572,0.22801140486476254,0.1878285714285714,12,4
13,0.3571428571428571,0.37142857142857144,0.2857142857142857,0.2571428571428571,0.3155611179998938,0.14865714285714277,13,4
14,0.8,0.7714285714285715,-0.6000000000000001,-0.5428571428571429,0.5410115460104049,0.6790000000000002,14,4
15,0.3571428571428571,0.27142857142857146,0.2857142857142857,0.4571428571428572,0.30342723873431426,0.15202857142857149,15,4
16,0.3142857142857143,0.27142857142857146,0.37142857142857144,0.4571428571428572,0.21757797915547772,0.1462,16,4
17,0.5,0.2857142857142857,0.0,0.4285714285714286,0.3142857142857143,0.17997142857142867,17,4
18,0.3857142857142857,0.30000000000000004,0.22857142857142854,0.4,0.3619752319050547,0.12124761904761892,18,4
19,0.4,0.34285714285714286,0.19999999999999996,0.3142857142857143,0.16178075407693074,0.26785714285714274,19,4
20,0.4571428571428572,0.22857142857142854,0.08571428571428574,0.5428571428571429,0.22862098074535447,0.14679999999999999,20,4
21,0.4285714285714286,0.18571428571428572,0.1428571428571429,0.6285714285714286,0.15687867981374787,0.1176,21,4
22,0.5428571428571429,0.37142857142857144,-0.08571428571428563,0.2571428571428571,0.3922359990483713,0.22102857142857144,22,4
23,0.4571428571428572,0.4,0.08571428571428574,0.19999999999999996,0.33599861048683366,0.19631428571428572,23,4
24,0.7428571428571429,0.7285714285714286,-0.48571428571428577,-0.4571428571428571,0.4295127391407879,0.38897142857142847,24,4
25,0.5,0.2857142857142857,0.0,0.4285714285714286,0.25828974708632807,0.18851428571428577,25,4
26,0.44285714285714284,0.18571428571428572,0.11428571428571432,0.6285714285714286,0.223222935248496,0.09205714285714284,26,4
27,0.6285714285714286,0.27142857142857146,-0.2571428571428571,0.4571428571428572,0.44285714285714284,0.20074285714285717,27,4
28,0.48571428571428577,0.3571428571428571,0.02857142857142858,0.2857142857142857,0.23899522184415492,0.20882857142857145,28,4
29,0.44285714285714284,0.2142857142857143,0.11428571428571432,0.5714285714285714,0.38497534484598434,0.1896571428571429,29,4
30,0.34285714285714286,0.19999999999999996,0.3142857142857143,0.6,0.15509528181747553,0.15968571428571435,0,4
31,0.44285714285714284,0.18571428571428572,0.11428571428571432,0.6285714285714286,0.2764364077130103,0.08094285714285712,1,4
32,0.27142857142857146,0.18571428571428572,0.4571428571428572,0.6285714285714286,0.08810647266429798,0.14565714285714285,2,4
33,0.5285714285714286,0.5285714285714286,-0.05714285714285716,-0.05714285714285716,0.09254507872332864,0.4251428571428571,3,4
34,0.5,0.22857142857142854,0.0,0.5428571428571429,0.09957147896199071,0.19165714285714291,4,4
35,0.5,0.3571428571428571,0.0,0.2857142857142857,0.3029264293274799,0.21014285714285721,5,4
36,0.4571428571428572,0.18571428571428572,0.08571428571428574,0.6285714285714286,0.26865350243521774,0.12485714285714286,6,4
37,0.5714285714285714,0.2571428571428571,-0.1428571428571428,0.48571428571428577,0.5,0.16385714285714287,7,4
38,0.4571428571428572,0.2142857142857143,0.08571428571428574,0.5714285714285714,0.028533502231374203,0.17242857142857146,8,4
39,0.37142857142857144,0.3142857142857143,0.2571428571428571,0.37142857142857144,0.1486003454204773,0.1945714285714286,9,4
40,0.3285714285714286,0.22857142857142854,0.34285714285714286,0.5428571428571429,0.18928064589981314,0.22591428571428573,10,4
41,0.48571428571428577,0.2857142857142857,0.02857142857142858,0.4285714285714286,0.3278253627028465,0.1550285714285714,11,4
42,0.7285714285714286,0.6142857142857143,-0.4571428571428571,-0.22857142857142865,0.6475534038237635,0.3974857142857143,12,4
43,0.44285714285714284,0.24285714285714288,0.11428571428571432,0.5142857142857142,0.12264379106206008,0.1574571428571429,13,4
44,0.5,0.2142857142857143,0.0,0.5714285714285714,0.14863833260442208,0.17697142857142853,14,4
45,0.41428571428571426,0.37142857142857144,0.17142857142857137,0.2571428571428571,0.2616446084039821,0.2651428571428571,15,4
46,0.5285714285714286,0.3285714285714286,-0.05714285714285716,0.34285714285714286,0.5,0.20557142857142852,16,4
47,0.4714285714285714,0.30000000000000004,0.05714285714285716,0.4,0.1145210426991789,0.15065714285714288,17,4
48,0.41428571428571426,0.3142857142857143,0.17142857142857137,0.37142857142857144,0.4204758510340527,0.18942857142857145,18,4
49,0.44285714285714284,0.3142857142857143,0.11428571428571432,0.37142857142857144,0.28614241287061504,0.1926285714285715,19,4
50,0.22857142857142854,0.19999999999999996,0.5428571428571429,0.6,0.2842368675933898,0.12454285714285712,20,4
51,0.2571428571428571,0.19999999999999996,0.48571428571428577,0.6,0.13713677988066283,0.12239999999999997,21,4
52,0.5428571428571429,0.24285714285714288,-0.08571428571428563,0.5142857142857142,0.35776195123350546,0.13868571428571436,22,4
53,0.5,0.24285714285714288,0.0,0.5142857142857142,0.1428340674169481,0.15740000000000004,23,4
54,0.4,0.2142857142857143,0.19999999999999996,0.5714285714285714,0.12138945158087273,0.1388571428571429,24,4
55,0.5428571428571429,0.3285714285714286,-0.08571428571428563,0.34285714285714286,0.5,0.22222857142857141,25,4
56,0.48571428571428577,0.5142857142857142,0.02857142857142858,-0.02857142857142847,0.33399640673266867,0.2779714285714286,26,4
57,0.4571428571428572,0.24285714285714288,0.08571428571428574,0.5142857142857142,0.28144064709433353,0.1742571428571429,27,4
58,0.34285714285714286,0.15714285714285714,0.3142857142857143,0.6857142857142857,0.3137760133775222,0.14742857142857138,28,4
59,0.4571428571428572,0.30000000000000004,0.08571428571428574,0.4,0.3142115368288243,0.27914285714285725,29,4
60,0.3857142857142857,0.2142857142857143,0.22857142857142854,0.5714285714285714,0.3855632837801305,0.19171428571428573,0,8
61,0.24285714285714288,0.30000000000000004,0.5142857142857142,0.4,0.2670696364512069,0.19631428571428572,1,8
62,0.3142857142857143,0.2571428571428571,0.37142857142857144,0.48571428571428577,0.29360977725249193,0.13588571428571428,2,8
63,0.2857142857142857,0.24285714285714288,0.4285714285714286,0.5142857142857142,0.25665492041465426,0.17977142857142855,3,8
64,0.34285714285714286,0.4,0.3142857142857143,0.19999999999999996,0.3357286546116308,0.20825714285714284,4,8
65,0.30000000000000004,0.2857142857142857,0.4,0.4285714285714286,0.2928463400724089,0.21711428571428573,5,8
66,0.3857142857142857,0.3285714285714286,0.22857142857142854,0.34285714285714286,0.3354245021991001,0.13365714285714292,6,8
67,0.5714285714285714,0.4,-0.1428571428571428,0.19999999999999996,0.5237280002614284,0.26345714285714283,7,8
68,0.30000000000000004,0.24285714285714288,0.4,0.5142857142857142,0.2656308176963637,0.2248857142857143,8,8
69,0.5571428571428572,0.5,-0.11428571428571432,0.0,0.4640951143685333,0.3141428571428572,9,8
70,0.6142857142857143,0.6142857142857143,-0.22857142857142865,-0.22857142857142865,0.5943923561652437,0.4129714285714286,10,8
71,0.41428571428571426,0.5571428571428572,0.17142857142857137,-0.11428571428571432,0.39300619946230264,0.3401142857142857,11,8
72,0.24285714285714288,0.2571428571428571,0.5142857142857142,0.48571428571428577,0.23561218087360294,0.17845714285714284,12,8
73,0.22857142857142854,0.19999999999999996,0.5428571428571429,0.6,0.20564911665716953,0.15282857142857142,13,8
74,0.27142857142857146,0.2571428571428571,0.4571428571428572,0.48571428571428577,0.2718175171173863,0.17031428571428572,14,8
75,0.19999999999999996,0.24285714285714288,0.6,0.5142857142857142,0.20675658012266124,0.14537142857142854,15,8
76,0.18571428571428572,0.17142857142857137,0.6285714285714286,0.6571428571428571,0.16196129238953175,0.1556857142857143,16,8
77,0.3285714285714286,0.22857142857142854,0.34285714285714286,0.5428571428571429,0.21677726386738014,0.18899999999999995,17,8
78,0.24285714285714288,0.19999999999999996,0.5142857142857142,0.6,0.262803071008307,0.11128571428571425,18,8
79,0.19999999999999996,0.30000000000000004,0.6,0.4,0.20039324776905137,0.12425714285714289,19,8
80,0.3857142857142857,0.2571428571428571,0.22857142857142854,0.48571428571428577,0.26163394840013315,0.17691428571428577,20,8
81,0.2857142857142857,0.30000000000000004,0.4285714285714286,0.4,0.25180118451377015,0.2206,21,8
82,0.6571428571428571,0.6,-0.3142857142857143,-0.19999999999999996,0.49289872550303915,0.5221999999999999,22,8
83,0.24285714285714288,0.18571428571428572,0.5142857142857142,0.6285714285714286,0.2028655947447368,0.137137619047619,23,8
84,0.5142857142857142,0.15714285714285714,-0.02857142857142847,0.6857142857142857,0.5,0.1320857142857143,24,8
85,0.30000000000000004,0.2857142857142857,0.4,0.4285714285714286,0.1906508914591369,0.2673142857142858,25,8
86,0.27142857142857146,0.2571428571428571,0.4571428571428572,0.48571428571428577,0.2914773414542772,0.14502857142857145,26,8
87,0.30000000000000004,0.30000000000000004,0.4,0.4,0.2632771278674139,0.2516857142857143,27,8
88,0.44285714285714284,0.2857142857142857,0.11428571428571432,0.4285714285714286,0.11036302670553119,0.20768571428571433,28,8
89,0.2571428571428571,0.2857142857142857,0.48571428571428577,0.4285714285714286,0.24673591669195907,0.11931428571428572,29,8
90,0.30000000000000004,0.24285714285714288,0.4,0.5142857142857142,0.29999999949322476,0.19334285714285715,0,12
91,0.4571428571428572,0.5714285714285714,0.08571428571428574,-0.1428571428571428,0.35869103712157036,0.3162571428571429,1,12
92,0.3285714285714286,0.3142857142857143,0.34285714285714286,0.37142857142857144,0.30823366058158763,0.19024006802721094,2,12
93,0.2857142857142857,0.22857142857142854,0.4285714285714286,0.5428571428571429,0.28241017456874573,0.1290571428571429,3,12
94,0.34285714285714286,0.24285714285714288,0.3142857142857143,0.5142857142857142,0.28942478738888405,0.17808571428571437,4,12
95,0.24285714285714288,0.27142857142857146,0.5142857142857142,0.4571428571428572,0.24930359649129175,0.2707714285714286,5,12
96,0.27142857142857146,0.2857142857142857,0.4571428571428572,0.4285714285714286,0.2553240739281033,0.14862857142857142,6,12
97,0.3571428571428571,0.2571428571428571,0.2857142857142857,0.48571428571428577,0.324786945183731,0.19882857142857144,7,12
98,0.2857142857142857,0.41428571428571426,0.4285714285714286,0.17142857142857137,0.2648002035179867,0.34145714285714285,8,12
99,0.27142857142857146,0.3285714285714286,0.4571428571428572,0.34285714285714286,0.2714284153329002,0.24806428571428576,9,12
100,0.27142857142857146,0.3142857142857143,0.4571428571428572,0.37142857142857144,0.25832473549456936,0.2602857142857143,10,12
101,0.27142857142857146,0.2857142857142857,0.4571428571428572,0.4285714285714286,0.2713623589087072,0.24334285714285714,11,12
102,0.30000000000000004,0.27142857142857146,0.4,0.4571428571428572,0.34326412870734546,0.16431428571428575,12,12
103,0.2142857142857143,0.2142857142857143,0.5714285714285714,0.5714285714285714,0.18940382151166693,0.19282857142857143,13,12
104,0.34285714285714286,0.18571428571428572,0.3142857142857143,0.6285714285714286,0.2476497707431912,0.16548571428571424,14,12
105,0.2571428571428571,0.19999999999999996,0.48571428571428577,0.6,0.22934782250030836,0.14208571428571434,15,12
106,0.24285714285714288,0.2142857142857143,0.5142857142857142,0.5714285714285714,0.24325811887988494,0.17712976190476185,16,12
107,0.2857142857142857,0.24285714285714288,0.4285714285714286,0.5142857142857142,0.26723549314162276,0.16705714285714293,17,12
108,0.27142857142857146,0.2142857142857143,0.4571428571428572,0.5714285714285714,0.25006215790382985,0.20351428571428548,18,12
109,0.4714285714285714,0.3142857142857143,0.05714285714285716,0.37142857142857144,0.43215095970047523,0.16251428571428578,19,12
110,0.5,0.4571428571428572,0.0,0.08571428571428574,0.34130266002906773,0.2906571428571428,20,12
111,0.3571428571428571,0.22857142857142854,0.2857142857142857,0.5428571428571429,0.266015435025288,0.22511428571428568,21,12
112,0.30000000000000004,0.3285714285714286,0.4,0.34285714285714286,0.2940660906357875,0.28239999999999993,22,12
113,0.22857142857142854,0.19999999999999996,0.5428571428571429,0.6,0.22463030339874435,0.19325714285714277,23,12
114,0.3285714285714286,0.2142857142857143,0.34285714285714286,0.5714285714285714,0.2640107543184786,0.21009095238095235,24,12
115,0.48571428571428577,0.2142857142857143,0.02857142857142858,0.5714285714285714,0.3129419870925408,0.13662857142857138,25,12
116,0.3571428571428571,0.24285714285714288,0.2857142857142857,0.5142857142857142,0.3436522782696832,0.1841428571428571,26,12
117,0.17142857142857137,0.15714285714285714,0.6571428571428571,0.6857142857142857,0.17624576854814322,0.1690285714285714,27,12
118,0.2571428571428571,0.17142857142857137,0.48571428571428577,0.6571428571428571,0.26275602301508283,0.1710285714285714,28,12
119,0.41428571428571426,0.3142857142857143,0.17142857142857137,0.37142857142857144,0.436372855582768,0.1987314285714286,29,12
120,0.2857142857142857,0.27142857142857146,0.4285714285714286,0.4571428571428572,0.3107616005007563,0.2561142857142858,0,18
121,0.3142857142857143,0.30000000000000004,0.37142857142857144,0.4,0.29727225608738006,0.21925714285714287,1,18
122,0.4285714285714286,0.6,0.1428571428571429,-0.19999999999999996,0.2945312734024587,0.34077142857142867,2,18
123,0.22857142857142854,0.24285714285714288,0.5428571428571429,0.5142857142857142,0.2243071740065877,0.16300000000000003,3,18
124,0.34285714285714286,0.27142857142857146,0.3142857142857143,0.4571428571428572,0.29981627204244704,0.24906523809523812,4,18
125,0.3285714285714286,0.19999999999999996,0.34285714285714286,0.6,0.3286629933106908,0.11311428571428574,5,18
126,0.19999999999999996,0.22857142857142854,0.6,0.5428571428571429,0.20229223565578255,0.16237142857142856,6,18
127,0.22857142857142854,0.17142857142857137,0.5428571428571429,0.6571428571428571,0.1994349563490159,0.19896072562358258,7,18
128,0.34285714285714286,0.2571428571428571,0.3142857142857143,0.48571428571428577,0.2827796083276342,0.1888095238095238,8,18
129,0.19999999999999996,0.18571428571428572,0.6,0.6285714285714286,0.20487054391936535,0.20019142857142858,9,18
130,0.37142857142857144,0.24285714285714288,0.2571428571428571,0.5142857142857142,0.3307766706643761,0.2897574829931973,10,18
131,0.5,0.3285714285714286,0.0,0.34285714285714286,0.49350661254241307,0.21299999999999994,11,18
132,0.27142857142857146,0.12857142857142856,0.4571428571428572,0.7428571428571429,0.28616508458267076,0.1559142857142857,12,18
133,0.4,0.24285714285714288,0.19999999999999996,0.5142857142857142,0.31922677389052706,0.18942857142857145,13,18
134,0.4285714285714286,0.2571428571428571,0.1428571428571429,0.48571428571428577,0.4187002547995128,0.19317142857142855,14,18
135,0.4285714285714286,0.2142857142857143,0.1428571428571429,0.5714285714285714,0.37796551677258644,0.16773149659863942,15,18
136,0.41428571428571426,0.2571428571428571,0.17142857142857137,0.48571428571428577,0.376393315782927,0.17748571428571427,16,18
137,0.24285714285714288,0.27142857142857146,0.5142857142857142,0.4571428571428572,0.2508175612269558,0.19659999999999997,17,18
138,0.2857142857142857,0.27142857142857146,0.4285714285714286,0.4571428571428572,0.2920898722910861,0.21874285714285716,18,18
139,0.22857142857142854,0.19999999999999996,0.5428571428571429,0.6,0.23561388176465356,0.14862523809523814,19,18
140,0.41428571428571426,0.4285714285714286,0.17142857142857137,0.1428571428571429,0.3435828722029066,0.2114285714285714,20,18
141,0.24285714285714288,0.2142857142857143,0.5142857142857142,0.5714285714285714,0.23557808113741602,0.1561142857142857,21,18
142,0.3571428571428571,0.2857142857142857,0.2857142857142857,0.4285714285714286,0.34773120162613197,0.18333448979591838,22,18
143,0.27142857142857146,0.19999999999999996,0.4571428571428572,0.6,0.2759697667861148,0.13771428571428573,23,18
144,0.4285714285714286,0.3285714285714286,0.1428571428571429,0.34285714285714286,0.3416269920754388,0.2718285714285714,24,18
145,0.6428571428571428,0.2857142857142857,-0.2857142857142858,0.4285714285714286,0.5469874668951967,0.18174700680272107,25,18
146,0.22857142857142854,0.30000000000000004,0.5428571428571429,0.4,0.2353981190180006,0.19111428571428576,26,18
147,0.3142857142857143,0.2857142857142857,0.37142857142857144,0.4285714285714286,0.3043462220683475,0.16682857142857144,27,18
148,0.18571428571428572,0.15714285714285714,0.6285714285714286,0.6857142857142857,0.18360771859157868,0.1403428571428571,28,18
149,0.3285714285714286,0.19999999999999996,0.34285714285714286,0.6,0.3219136244316215,0.177878843537415,29,18
150,0.41428571428571426,0.18571428571428572,0.17142857142857137,0.6285714285714286,0.40396555281098423,0.17217142857142861,0,28
151,0.34285714285714286,0.22857142857142854,0.3142857142857143,0.5428571428571429,0.3456189655995518,0.22774285714285714,1,28
152,0.6,0.2571428571428571,-0.19999999999999996,0.48571428571428577,0.5531671242332665,0.2774266326530611,2,28
153,0.4,0.30000000000000004,0.19999999999999996,0.4,0.39162450634529333,0.22557142857142862,3,28
154,0.2857142857142857,0.24285714285714288,0.4285714285714286,0.5142857142857142,0.28095977398601596,0.15985714285714286,4,28
155,0.41428571428571426,0.19999999999999996,0.17142857142857137,0.6,0.3954234070513366,0.17968571428571428,5,28
156,0.4714285714285714,0.3857142857142857,0.05714285714285716,0.22857142857142854,0.4383831405303727,0.25802857142857144,6,28
157,0.18571428571428572,0.19999999999999996,0.6285714285714286,0.6,0.18268224465722402,0.18385714285714283,7,28
158,0.2857142857142857,0.19999999999999996,0.4285714285714286,0.6,0.24874473810983042,0.11365714285714285,8,28
159,0.22857142857142854,0.1428571428571429,0.5428571428571429,0.7142857142857143,0.22178555977816913,0.13101557823129248,9,28
160,0.4714285714285714,0.27142857142857146,0.05714285714285716,0.4571428571428572,0.4215832343117706,0.1747263605442176,10,28
161,0.34285714285714286,0.27142857142857146,0.3142857142857143,0.4571428571428572,0.3042001754655461,0.2008,11,28
162,0.4285714285714286,0.3857142857142857,0.1428571428571429,0.22857142857142854,0.4167613214192185,0.2261961904761905,12,28
163,0.27142857142857146,0.2571428571428571,0.4571428571428572,0.48571428571428577,0.2707958945952923,0.1945714285714286,13,28
164,0.30000000000000004,0.2571428571428571,0.4,0.48571428571428577,0.2784236226295173,0.1732571428571428,14,28
165,0.2857142857142857,0.2571428571428571,0.4285714285714286,0.48571428571428577,0.263873723775818,0.1680571428571428,15,28
166,0.4,0.3857142857142857,0.19999999999999996,0.22857142857142854,0.390976323135455,0.24214285714285708,16,28
167,0.24285714285714288,0.22857142857142854,0.5142857142857142,0.5428571428571429,0.24285122359128752,0.20722857142857137,17,28
168,0.3571428571428571,0.30000000000000004,0.2857142857142857,0.4,0.338557565197195,0.19802857142857141,18,28
169,0.4285714285714286,0.18571428571428572,0.1428571428571429,0.6285714285714286,0.40355419776504764,0.11120812925170069,19,28
170,0.3285714285714286,0.22857142857142854,0.34285714285714286,0.5428571428571429,0.3117578813914068,0.14126068027210878,20,28
171,0.3857142857142857,0.2142857142857143,0.22857142857142854,0.5714285714285714,0.37628881554061205,0.1876571428571428,21,28
172,0.48571428571428577,0.3571428571428571,0.02857142857142858,0.2857142857142857,0.46767303407489424,0.13005714285714284,22,28
173,0.44285714285714284,0.3571428571428571,0.11428571428571432,0.2857142857142857,0.44421515566078246,0.20969159863945572,23,28
174,0.24285714285714288,0.18571428571428572,0.5142857142857142,0.6285714285714286,0.20986084067133914,0.13931904761904756,24,28
175,0.22857142857142854,0.1428571428571429,0.5428571428571429,0.7142857142857143,0.22633412242067322,0.15905714285714279,25,28
176,0.3142857142857143,0.3142857142857143,0.37142857142857144,0.37142857142857144,0.28258247727497354,0.27145428571428565,26,28
177,0.5571428571428572,0.22857142857142854,-0.11428571428571432,0.5428571428571429,0.5094314448807608,0.17954285714285714,27,28
178,0.19999999999999996,0.15714285714285714,0.6,0.6857142857142857,0.21291170780599347,0.1445533333333334,28,28
179,0.3857142857142857,0.24285714285714288,0.22857142857142854,0.5142857142857142,0.32153939231998696,0.1711180952380953,29,28
180,0.3857142857142857,0.27142857142857146,0.22857142857142854,0.4571428571428572,0.3652749149802693,0.2567428571428572,0,42
181,0.2571428571428571,0.2142857142857143,0.48571428571428577,0.5714285714285714,0.2468073480622542,0.1552571428571428,1,42
182,0.3142857142857143,0.24285714285714288,0.37142857142857144,0.5142857142857142,0.29866460942119666,0.22892585034013604,2,42
183,0.41428571428571426,0.2571428571428571,0.17142857142857137,0.48571428571428577,0.33845917604951226,0.17062857142857146,3,42
184,0.5714285714285714,0.18571428571428572,-0.1428571428571428,0.6285714285714286,0.5516156811924571,0.15074275097917947,4,42
185,0.41428571428571426,0.2571428571428571,0.17142857142857137,0.48571428571428577,0.4013764450762566,0.18672119047619046,5,42
186,0.2857142857142857,0.15714285714285714,0.4285714285714286,0.6857142857142857,0.28952081558301473,0.143170336013193,6,42
187,0.3571428571428571,0.22857142857142854,0.2857142857142857,0.5428571428571429,0.32711436839034613,0.18631742115027822,7,42
188,0.30000000000000004,0.24285714285714288,0.4,0.5142857142857142,0.3013943682483224,0.2257556009070295,8,42
189,0.4285714285714286,0.2142857142857143,0.1428571428571429,0.5714285714285714,0.3813586874764005,0.18162857142857147,9,42
190,0.34285714285714286,0.3857142857142857,0.3142857142857143,0.22857142857142854,0.32729630547871486,0.21812047619047614,10,42
191,0.37142857142857144,0.34285714285714286,0.2571428571428571,0.3142857142857143,0.3239401167459801,0.23982857142857153,11,42
192,0.4714285714285714,0.2857142857142857,0.05714285714285716,0.4285714285714286,0.45535250952924766,0.2304960204081632,12,42
193,0.3857142857142857,0.2857142857142857,0.22857142857142854,0.4285714285714286,0.3604391796455023,0.1495974943310658,13,42
194,0.37142857142857144,0.34285714285714286,0.2571428571428571,0.3142857142857143,0.3710717727570483,0.2384285714285715,14,42
195,0.3857142857142857,0.3285714285714286,0.22857142857142854,0.34285714285714286,0.3635081750660976,0.20534064625850337,15,42
196,0.3285714285714286,0.2571428571428571,0.34285714285714286,0.48571428571428577,0.3217753088555533,0.19019999999999995,16,42
197,0.3571428571428571,0.2142857142857143,0.2857142857142857,0.5714285714285714,0.3246774123975814,0.18806782312925172,17,42
198,0.4,0.19999999999999996,0.19999999999999996,0.6,0.3747686135167922,0.13094285714285714,18,42
199,0.34285714285714286,0.22857142857142854,0.3142857142857143,0.5428571428571429,0.33099509903970364,0.14744756235827658,19,42
200,0.27142857142857146,0.24285714285714288,0.4571428571428572,0.5142857142857142,0.2601409767694046,0.16984674253384344,20,42
201,0.4,0.34285714285714286,0.19999999999999996,0.3142857142857143,0.3904320160746684,0.29168571428571427,21,42
202,0.2857142857142857,0.2142857142857143,0.4285714285714286,0.5714285714285714,0.2796832093817728,0.21442015976087397,22,42
203,0.5142857142857142,0.30000000000000004,-0.02857142857142847,0.4,0.43627765216661557,0.20742969387755103,23,42
204,0.5142857142857142,0.41428571428571426,-0.02857142857142847,0.17142857142857137,0.45505391509785004,0.20219724489795915,24,42
205,0.37142857142857144,0.2142857142857143,0.2571428571428571,0.5714285714285714,0.3607060889434042,0.1678285714285714,25,42
206,0.4,0.2857142857142857,0.19999999999999996,0.4285714285714286,0.3848275831476126,0.19686013605442176,26,42
207,0.4,0.18571428571428572,0.19999999999999996,0.6285714285714286,0.3769623948285062,0.19340000000000002,27,42
208,0.34285714285714286,0.3142857142857143,0.3142857142857143,0.37142857142857144,0.3366992646064592,0.21199808390022667,28,42
209,0.5142857142857142,0.24285714285714288,-0.02857142857142847,0.5142857142857142,0.44535096251117656,0.1829638321995464,29,42
210,0.3857142857142857,0.24285714285714288,0.22857142857142854,0.5142857142857142,0.34237868847190017,0.14474884353741505,0,64
211,0.5142857142857142,0.22857142857142854,-0.02857142857142847,0.5428571428571429,0.49562699138446525,0.17423422466422447,1,64
212,0.34285714285714286,0.15714285714285714,0.3142857142857143,0.6857142857142857,0.31855860860388696,0.1648956349206349,2,64
213,0.4285714285714286,0.30000000000000004,0.1428571428571429,0.4,0.4056441972827945,0.2105093990929705,3,64
214,0.44285714285714284,0.22857142857142854,0.11428571428571432,0.5428571428571429,0.40966470723415127,0.15591312925170067,4,64
215,0.48571428571428577,0.24285714285714288,0.02857142857142858,0.5142857142857142,0.4324074627160301,0.13609246444032172,5,64
216,0.34285714285714286,0.30000000000000004,0.3142857142857143,0.4,0.34935123944152985,0.17916317555460412,6,64
217,0.5571428571428572,0.2571428571428571,-0.11428571428571432,0.48571428571428577,0.5367044798923141,0.20228060090702948,7,64
218,0.3285714285714286,0.19999999999999996,0.34285714285714286,0.6,0.3178353486246299,0.15331028344671202,8,64
219,0.34285714285714286,0.19999999999999996,0.3142857142857143,0.6,0.3483179213075338,0.1493630952380951,9,64
220,0.34285714285714286,0.19999999999999996,0.3142857142857143,0.6,0.3193678443684445,0.20305714285714285,10,64
221,0.19999999999999996,0.1428571428571429,0.6,0.7142857142857143,0.18996962396128905,0.12234285714285709,11,64
222,0.4285714285714286,0.27142857142857146,0.1428571428571429,0.4571428571428572,0.4054554354896794,0.1989051473922902,12,64
223,0.4,0.17142857142857137,0.19999999999999996,0.6571428571428571,0.36033814889597976,0.18697142857142848,13,64
224,0.4571428571428572,0.2571428571428571,0.08571428571428574,0.48571428571428577,0.45347596834187726,0.1954965646258503,14,64
225,0.44285714285714284,0.17142857142857137,0.11428571428571432,0.6571428571428571,0.383159670615213,0.13981404761904756,15,64
226,0.3571428571428571,0.2142857142857143,0.2857142857142857,0.5714285714285714,0.30925580783434076,0.1860293841079555,16,64
227,0.5,0.3285714285714286,0.0,0.34285714285714286,0.39677350576036896,0.2237965594722737,17,64
228,0.5285714285714286,0.19999999999999996,-0.05714285714285716,0.6,0.5183185317947079,0.13742857142857143,18,64
229,0.4571428571428572,0.19999999999999996,0.08571428571428574,0.6,0.43300059643970146,0.14543054754769047,19,64
230,0.5571428571428572,0.2142857142857143,-0.11428571428571432,0.5714285714285714,0.5303489368648454,0.18284424551638834,20,64
231,0.4,0.24285714285714288,0.19999999999999996,0.5142857142857142,0.39253606670082275,0.21331428571428573,21,64
232,0.48571428571428577,0.3857142857142857,0.02857142857142858,0.22857142857142854,0.4334049074593266,0.2940808503401361,22,64
233,0.4571428571428572,0.2571428571428571,0.08571428571428574,0.48571428571428577,0.4207889224101694,0.1523207738596604,23,64
234,0.4,0.27142857142857146,0.19999999999999996,0.4571428571428572,0.3862064638096182,0.24305168553668538,24,64
235,0.4571428571428572,0.19999999999999996,0.08571428571428574,0.6,0.4429891326000535,0.17014747696747692,25,64
236,0.41428571428571426,0.24285714285714288,0.17142857142857137,0.5142857142857142,0.38405177942175645,0.20271663368377646,26,64
237,0.6571428571428571,0.2571428571428571,-0.3142857142857143,0.48571428571428577,0.5703600461125032,0.1852228452499881,27,64
238,0.5428571428571429,0.34285714285714286,-0.08571428571428563,0.3142857142857143,0.5421879141540876,0.12170549062049063,28,64
239,0.6142857142857143,0.2142857142857143,-0.22857142857142865,0.5714285714285714,0.5757754114710512,0.24203340136054421,29,64
240,0.4,0.22857142857142854,0.19999999999999996,0.5428571428571429,0.32910680339096005,0.15554595661341464,0,96
241,0.4714285714285714,0.18571428571428572,0.05714285714285716,0.6285714285714286,0.47296758389579013,0.14790614596186508,1,96
242,0.37142857142857144,0.19999999999999996,0.2571428571428571,0.6,0.37203759586717744,0.12657595137122446,2,96
243,0.3571428571428571,0.27142857142857146,0.2857142857142857,0.4571428571428572,0.3417128698389446,0.23414241187384036,3,96
244,0.48571428571428577,0.2857142857142857,0.02857142857142858,0.4285714285714286,0.4790079148510798,0.17332528565505448,4,96
245,0.3571428571428571,0.27142857142857146,0.2857142857142857,0.4571428571428572,0.3233604990928542,0.22891428571428568,5,96
246,0.4,0.27142857142857146,0.19999999999999996,0.4571428571428572,0.3010149692658474,0.20465007936507937,6,96
247,0.3142857142857143,0.22857142857142854,0.37142857142857144,0.5428571428571429,0.34423642859668424,0.18050617859731294,7,96
248,0.5285714285714286,0.17142857142857137,-0.05714285714285716,0.6571428571428571,0.49529803337813677,0.15399013309752815,8,96
249,0.4,0.24285714285714288,0.19999999999999996,0.5142857142857142,0.38457671181816316,0.18755328803083013,9,96
250,0.6142857142857143,0.2142857142857143,-0.22857142857142865,0.5714285714285714,0.5287307784791281,0.13757541450612878,10,96
251,0.41428571428571426,0.2857142857142857,0.17142857142857137,0.4285714285714286,0.34763291161714477,0.17678414965986394,11,96
252,0.30000000000000004,0.19999999999999996,0.4,0.6,0.287211740363867,0.19370071428571423,12,96
253,0.5285714285714286,0.2571428571428571,-0.05714285714285716,0.48571428571428577,0.48877456788728363,0.1806772444129167,13,96
254,0.4571428571428572,0.2571428571428571,0.08571428571428574,0.48571428571428577,0.43092591324074475,0.18091462030033453,14,96
255,0.3571428571428571,0.27142857142857146,0.2857142857142857,0.4571428571428572,0.32525819690544855,0.18047427358355927,15,96
256,0.3857142857142857,0.22857142857142854,0.22857142857142854,0.5428571428571429,0.3636048991479063,0.1610125850340136,16,96
257,0.5285714285714286,0.3285714285714286,-0.05714285714285716,0.34285714285714286,0.4690257631122601,0.16392560090702948,17,96
258,0.3142857142857143,0.22857142857142854,0.37142857142857144,0.5428571428571429,0.31638120948799064,0.19962702947845798,18,96
259,0.34285714285714286,0.19999999999999996,0.3142857142857143,0.6,0.3362482625692411,0.17921590956662387,19,96
260,0.3285714285714286,0.22857142857142854,0.34285714285714286,0.5428571428571429,0.3471974714944523,0.18098209265058,20,96
261,0.4714285714285714,0.30000000000000004,0.05714285714285716,0.4,0.4378331949943147,0.17817737886910381,21,96
262,0.34285714285714286,0.2142857142857143,0.3142857142857143,0.5714285714285714,0.30690375830939853,0.17698087666301943,22,96
263,0.34285714285714286,0.2857142857142857,0.3142857142857143,0.4285714285714286,0.3646969840426862,0.21839509849939664,23,96
264,0.5,0.24285714285714288,0.0,0.5142857142857142,0.4556933420623336,0.198483062255205,24,96
265,0.30000000000000004,0.30000000000000004,0.4,0.4,0.2984736748040968,0.205095084872093,25,96
266,0.3142857142857143,0.2571428571428571,0.37142857142857144,0.48571428571428577,0.33592917918448156,0.21255152028643629,26,96
267,0.4,0.2857142857142857,0.19999999999999996,0.4285714285714286,0.35010554129566435,0.18254347040914265,27,96
268,0.48571428571428577,0.24285714285714288,0.02857142857142858,0.5142857142857142,0.4497269874267879,0.15015628078270932,28,96
269,0.6,0.3571428571428571,-0.19999999999999996,0.2857142857142857,0.5009499251797268,0.1425630743859316,29,96
270,0.5571428571428572,0.2142857142857143,-0.11428571428571432,0.5714285714285714,0.49018748234738335,0.18948268152482442,0,144
271,0.5,0.2142857142857143,0.0,0.5714285714285714,0.4489166844468822,0.17264581992490924,1,144
272,0.5857142857142856,0.22857142857142854,-0.17142857142857149,0.5428571428571429,0.5482040112834496,0.15641087085060984,2,144
273,0.48571428571428577,0.12857142857142856,0.02857142857142858,0.7428571428571429,0.4260363530532686,0.1601550082457225,3,144
274,0.5571428571428572,0.22857142857142854,-0.11428571428571432,0.5428571428571429,0.4987507956922361,0.19664119666384106,4,144
275,0.5285714285714286,0.27142857142857146,-0.05714285714285716,0.4571428571428572,0.4307455253783643,0.14310759121830555,5,144
276,0.5,0.2857142857142857,0.0,0.4285714285714286,0.4662046348333402,0.20191547150128442,6,144
277,0.4285714285714286,0.17142857142857137,0.1428571428571429,0.6571428571428571,0.39757825603271296,0.1474980260962193,7,144
278,0.5285714285714286,0.22857142857142854,-0.05714285714285716,0.5428571428571429,0.4661413213170669,0.17124815755167877,8,144
279,0.3857142857142857,0.2142857142857143,0.22857142857142854,0.5714285714285714,0.3767559769526243,0.16451747334388647,9,144
280,0.5428571428571429,0.2142857142857143,-0.08571428571428563,0.5714285714285714,0.4920984578830562,0.2003890875844878,10,144
281,0.4714285714285714,0.2571428571428571,0.05714285714285716,0.48571428571428577,0.4491815817455174,0.22183271737083987,11,144
282,0.48571428571428577,0.3285714285714286,0.02857142857142858,0.34285714285714286,0.4409562824911686,0.25297200949843807,12,144
283,0.5,0.27142857142857146,0.0,0.4571428571428572,0.4816135765273679,0.16992132165625407,13,144
284,0.27142857142857146,0.19999999999999996,0.4571428571428572,0.6,0.26676010902649683,0.12863657932945624,14,144
285,0.44285714285714284,0.19999999999999996,0.11428571428571432,0.6,0.40407560256241076,0.1433388868817064,15,144
286,0.5142857142857142,0.2857142857142857,-0.02857142857142847,0.4285714285714286,0.48464114541171555,0.21579868285565607,16,144
287,0.5428571428571429,0.12857142857142856,-0.08571428571428563,0.7428571428571429,0.5435475950196935,0.11157762756425109,17,144
288,0.5142857142857142,0.27142857142857146,-0.02857142857142847,0.4571428571428572,0.43649241911076403,0.16547879361903986,18,144
289,0.5857142857142856,0.30000000000000004,-0.17142857142857149,0.4,0.534636366888302,0.19265225506053238,19,144
290,0.5428571428571429,0.19999999999999996,-0.08571428571428563,0.6,0.5124846065516784,0.18970471452007417,20,144
291,0.5142857142857142,0.30000000000000004,-0.02857142857142847,0.4,0.4829918254841756,0.1913071605344802,21,144
292,0.3285714285714286,0.24285714285714288,0.34285714285714286,0.5142857142857142,0.2964277163664604,0.17788464028035453,22,144
293,0.5,0.24285714285714288,0.0,0.5142857142857142,0.43491520084212937,0.16724604246385094,23,144
294,0.34285714285714286,0.27142857142857146,0.3142857142857143,0.4571428571428572,0.3108414060829643,0.27427273535987806,24,144
295,0.4285714285714286,0.22857142857142854,0.1428571428571429,0.5428571428571429,0.4443429638028679,0.15922310878749726,25,144
296,0.4714285714285714,0.27142857142857146,0.05714285714285716,0.4571428571428572,0.43089077037363827,0.19766390522176233,26,144
297,0.37142857142857144,0.22857142857142854,0.2571428571428571,0.5428571428571429,0.34664777064423896,0.17218551968936727,27,144
298,0.41428571428571426,0.2142857142857143,0.17142857142857137,0.5714285714285714,0.3861001060277548,0.19144378201163917,28,144
299,0.37142857142857144,0.2857142857142857,0.2571428571428571,0.4285714285714286,0.3569625500336857,0.20692597978781752,29,144
